2287375477386418471
2287082596421114324
2286977546838611726
2286977488160293896
2286977447081425704
2286674825044624034
2286287921211691576
2286193600465348166
2285839884742613216
2285737080925688598
2285705844233257288
2285631961753902025
2285631753674396496
2285631497872287915
2285068192552678222
2285038240345948002
2285017267536118950
2285009267562730667
2284997662997263853
2284994244874545208
2284961732542546157
2284925094818977383
2284924766732044984
2284923648196157351
2284909801975469870
2268486869582638247
2265528973932626875
2265464224212294706
2284885415394987168
2284885214168994647
2284885146816954184
2284821894539495084
2284769118921859607
2284768925329480756
2284768629958184198
2284672088781341727
2284351157300378261
2284346212758923507
2284326821569688762
2284324335246392423
2284320265881989984
2284299706385741345
2284238285180969142
2284230019952593532
2284198573267341084
2284139254894523488
2284035682926511685
2284035385592202712
2284035186018775708
2284035003147299222
2284034848679429405
2284026588532834891
2284017435647320726
2284017290817867781
2283932672422535667
2283545999023956588
2283460934932151313
2282872105710979295
2282604581719734947
2282227355825444933
2282122967003653687
2282078760290057697
2281776949349455656
2281700196060325723
2281431462563621588
2281429580908953421
2281397295873061426
2281397181830041201
2281322454256027173
2281321897503742482
2280778686550372546
2280714818457719963
2280432383430024071
2280223710564372249
2279600538047639508
2278709691945458713
2251745446773268324
2251744004192821072
2278805309432779843
2278545584625111362
2278537562598308185
2278229882667772745
2277901979489713623
2277048323062017190
2276681804429450105
2276675514951408769
2276634262394500578
2276518435642156447
2276444761995840020
2276169962380804854
2276042533695771353
2275350835720592235
2275015148603523475
2274684704942587598
2274084913162420283
2273515331293452801
2272978545197086894
2272333544223421441
2272332539165408387
2271615125555134835
2271311255310354758
2271213698667663588
2271123427943094152
2270798052084426178
2270378259153830493
2253085591854197461
2253023920913664424
2252650939830221526
2269729927490049396
2269700828540108910
2269044141251907233
2268937532774195181
2267717917066210218
2267492874763735303
2267492303935659731
2265596710625712402
2265419004573325429
2287049234388967388
2286932335547282847
2286930772799942500
2286930613584011855
2286930466758223882
2286928237242387624
2286431870453621565
2284349739541334483
2283993193257963473
2283301018854011293
2278867252719507291
2272063048607725895
2272044313894720846
2272043995136223545
2271604829896703974
2269609666282516758
2287281248967562210
2287281229975542391
2287278938416533033
2287124953018669515
2287077420078777078
2286871192391653195
2286825216177093455
2286581423892365570
2286470127137590005
2286299470261218681
2286172753770137301
2286172342216634300
2285193614195152560
2284920880868224385
2284920312582031522
2284918093098818231
2284824710714186866
2284335395609480766
2284335244094459916
2284168644183673007
2284075404167534908
2284001562411968264
2284000979680709591
2283997642490997608
2283997175807589620
2283996229128108532
2283994561405677725
2283992592750225948
2283991617700585719
2283733107318359525
2283722877075292268
2283707091478949993
2283707059516854917
2283589592345191889
2283532868428786541
2283376452471127607
2283348959336344249
2283348851282910259
2283348617098165137
2282884069409979426
2282855863782164606
2282685541197633301
2282685274532126064
2282684821345931954
2282684465293536571
2282684098501416448
2282683779877171870
2282675133890417200
2282670784814727337
2282627941215227105
2282538554531860507
2282538419869657880
2282538282824889445
2282529332567970638
2282529241408855255
2282528965423665110
2282313606335289322
2282308522249243215
2281784856610831518
2281784775970990166
2281784525722145413
2281571629309650553
2281571120129706421
2281414045817458012
2280717109184191113
2280524904220725398
2280164306117236886
2280023230987763521
2279982971111082646
2279979969633773052
2279037576442429617
2278278441231118222
2277758622774037765
2277719697417990730
2277605087912848013
2276829291222142775
2276746246161364052
2276451113622378680
2276450652106431014
2276442037318602548
2276363636699483836
2276136376271813627
2276136071622561894
2276135764926703582
2276135321446232760
2276135050309779370
2276134824085583397
2276134587887540765
2276133965050310269
2276132051801695364
2274791131537547618
2274607271463700309
2274457994406473343
2273737843961109815
2273432777481487337
2272906359196311596
2272869286295124761
2272866702880771778
2272855464486266539
2272578634625649227
2272147259881954617
2272003306350123484
2271830141810012490
2271818315903064351
2271692647181903766
2271371294557036914
2271342557912246932
2271254122489957803
2270586621521569528
2270408423076943929
2268934140470953864
2268684167334333991
2267682033596913656
2267400422884836528
2267045465084554493
2266891836312323661
2266732043672256848
2287713900937882790
2287709630541124872
2287668781836026157
2287659335280768781
2287650743435259724
2287650121082683254
2287626759406156014
2287579730001794338
2286952761480651550
2286856945170388158
2286771379500346432
2286748931149210307
2286748167022523888
2286747231491291470
2286118195327946456
2286108989125311831
2286087370894049449
2285808835260560373
2285774309963563434
2285721732943839065
2285517354501942512
2285400178918602142
2285016793152322669
2284943855956967335
2284913959285069382
2284904781879437067
2284788141246246713
2284761025079242712
2283307974025751404
2283237512125583546
2282640754748035984
2281986205465681325
2281193825857681962
2280860175660673716
2280680862773587463
2280620873890627505
2280560780050397297
2280335044378986109
2279750247579431080
2268405373559876534
2288601224855786070
2286661215969942440
2285044851451846564
2278456444031036434
2277560086627215884
2288872611566752970
2303690972776936342
2297475554299294235
2295213483597388876
2287973072533437998
2287386853454614021
2283261963231196748
2269314744928358073
2287113421618402557
2287108955028439441
2287108290021534691
2287107993945540639
2287107772436041652
2287107565480586568
2287107312522346718
2287107084058368947
2287106804222841602
2287106429973630110
2287106076469342882
2287105704551819128
2287105531629062151
2287105427392194356
2287105265693427280
2287104937833037808
2287104723286169690
2287104473733360457
2287104337796047494
2287104034078037365
2287103834848715045
2287103549099111959
2273261371319064122
2295917109124572808
2292220851250871616
2290402877629556296
2289586966557394017
2288868688451159625
2288836660434466443
2286460880088571399
2286460510587187056
2283868055685828074
2271160512620103612
2290002059401849275
2276152388296229159
2297625182788903296
2297555441479461595
2295957923803987347
2290518456919296017
2289922851725034974
2289922424417279525
2288898469124828397
2283462033009504388
2281448849271493111
2279769668834507550
2278588017407294461
2277441568120123418
2277441286061450897
2275978059533068963
2275977539204621585
2275978007431487398
2275977961159794495
2275943820993789753
2275067690857052199
2273612712981193723
2273399546918048695
2273361602022833339
2273161390695835417
2273160532749982866
2272043634910469660
2271946088451993182
2271946690789849745
2270722496604241884
2269720044929183476
2269719408795778521
2269719171272389333
2269718822104864386
2268640122102024152
2298010188789958944
2292292200029438489
2291428088117335306
2289898940156301384
2283054548146679943
2282649612674518421
2276211220364566278
2274707887429328889
2273989505286221356
2273523222866322870
2272288661074861801
2270548483167881195
2268763342096389582
2288492298009623144
2287913442190693148
2287912540775494422
2286507691057072172
2282528787323675383
2281379163502624680
2280647357884706605
2280625526574215071
2280624254164943923
2274085437515515212
2273518600659025848
2272681417513141621
2272076266126258053
2272071610557521698
2272067801181413046
2272053381250335850
2272049324098017566
2271890813542183953
2271402335872110903
2266528638683876223
2265608438613000909
2299342908016227653
2294632142462104539
2281534580031523479
2279566967031416942
2279175139379106592
2279043653585632422
2273087569074115942
2296390509117476178
2295022001389123401
2295020737318315243
2295018580380646372
2295017937855211242
2295017484291519464
2295012241537305354
2295011495848825258
2295011027554819799
2295010235460409683
2295009810552215344
2295006363773925911
2295006149378000861
2295005718899711732
2295005256167443564
2295005082447697050
2295004851333173689
2295004677596724450
2295004517592257958
2295004346573740642
2295004110317104120
2295000309807775873
2294923485998118650
2291179693556290606
2278077311637289661
2263502719654069280
2271926780082706819
2275751306919149717
2288948499871845826
2288947045421378559
2288697625288180672
2288080627022735471
2287470017562083200
2287189160102337416
2284849157758165343
2284601479140767132
2283431474969755466
2282394298416897960
2282279083898664031
2281276815261902571
2281276612391908818
2281276410821893459
2281276313530967128
2281276158459056430
2281275257455634744
2281275051347518887
2281274921978376263
2281271756822226394
2281270918120765000
2281270301549861124
2278472907361830279
2277033824714378835
2268868631045638400
2272722189908202364
2271260006593413498
2269726311957004112
2269723983681456384
2267820210807317957
2267806430713373497
2255999450048026445
2297996383994983782
2294311908307563724
2291898613076093685
2291873090652499742
2286640253417388034
2278317472251931285
2273009216539114449
2298158345741981725
2298151792360039793
2298102332657675690
2297410525381542286
2297168486667706750
2296481795208596402
2295930775113903398
2295711897373053298
2295655632529586775
2294333394668785072
2293635970656875420
2293379643418126568
2291947223071500569
2291847596305456211
2291592951090658662
2289183843670720357
2289182661665531929
2288731239680692578
2288195516893188786
2287903732786863988
2286997158195305775
2283428182156393918
2280633976677546982
2277036076148177710
2274490902437640887
2273300732345024063
2273300608470375336
2273299517036840761
2272461845766728276
2272461032004571657
2272460364942604226
2272458993001804065
2271823653767038486
2271783090710735584
2271612687874806046
2256874041644434208
2256045500461791527
2255785384013530118
2253905892163847556
2253887938352173856
2298603650795016071
2298452229105696537
2297833388851947999
2297106814192129286
2296403567915728076
2296386664199443238
2296281185590878174
2296280314652058797
2296280022778781168
2295734008141445068
2295663215613089138
2295649652500844374
2295637866934422621
2295636980266903607
2295530126446507531
2295523669558950031
2295523002395998947
2294326349295243831
2294258242035855470
2294256473264291467
2294196086930006935
2293606589666414351
2293606300779429704
2293592895515522765
2293576809495522018
2293576156769667996
2293575542119557793
2293571497619298443
2293529204463993636
2293526638338262037
2292843385117888072
2293486541052180802
2293486243340360292
2293485642481222111
2292835977507123344
2292651907951118861
2292651340335964778
2292650485520239405
2292647024070004132
2291910723733754211
2291909618887029857
2291906438832654584
2291422147078208074
2291421793917655977
2291421300701117046
2291407491475438960
2291232625396677944
2291232376842331857
2290273419580111497
2289139451736046359
2289138914755913698
2289136847735847256
2289136796439516724
2288486959054394593
2287090952202678924
2286158853526382953
2286153931930043689
2284110707254179794
2283363946298467846
2282659696819856131
2282657267663683809
2282624399025412491
2279155385046096124
2276376408941848137
2273927120124110653
2272553462688182955
2271768895383497247
2270120736336525635
2297947158795349938
2284285884424934422
2283319424557740424
2281530365327463256
2280396284790039070
2299814718661850984
2299593166156084700
2299592114711187468
2299591323069915419
2299583808101817193
2299582736675338414
2299581062267157867
2299575686895990151
2299565763474636188
2299456210000541653
2286594045795266623
2272619342335312547
2271949137317323922
2268875716366219446
2267236726630357491
2283688900337348115
