1237123260556271616
1240279545686745088
1241604219402149888
1241682448636772353
1241689650680356864
1241795808783216641
1240911703707017216
1243376074785882112
1247040147146723328
1247066900648980480
1248549827597594624
1236317774378684417
1236320135608242178
1238300463960690688
1239537180357226496
1239933524553224203
1240087702554501120
1240377986953687040
1240439026026532864
1240525673007063040
1240695436538556417
1240754248960229376
1240868258451992576
1241139521795665921
1241588173114916864
1241992399028514818
1242037358687670277
1242062968881283073
1242077841606479874
1242078734636679171
1242105842817814531
1242394401990684675
1242395132445503490
1242403064117694464
1242608535176953856
1242700066441383938
1242734779474128896
1242738235198951425
1243068607350943744
1243401036984758278
1243411962978955265
1243438005400096768
1243494828710780929
1243552873612378112
1244093243211612161
1244117981044457472
1244420562505646083
1244707988536987648
1244736617866317825
1244737323163693056
1244740463980089346
1245178393873784832
1245387361980014592
1245388909451722752
1245392444377706498
1245394101769568259
1245394668088635392
1245401177044508682
1245405170822975496
1245416277155463175
1245677230870736896
1245718350803668992
1245747697849688065
1245994362963734528
1246023402445561859
1246082059602403328
1246087542132310016
1246093170200453122
1246096346278514695
1246097079585386496
1246100091817152512
1246112019369115649
1246125315358932992
1246132539212926978
1246139739901554688
1246146933485264896
1246147314562949123
1246166538383654912
1246202638049443840
1246208770902044672
1246208813184802818
1246259465860481025
1246263027046838272
1246264554146770945
1246265075528167424
1246269456906477569
1246271252160892933
1246279185569427456
1246295860507488266
1246303174622773249
1246428426233188352
1246483450120601603
1246483619033604098
1246485938475171841
1246493374170959875
1246500453820571653
1246503457420447744
1246575067045048320
1246608412407787520
1246740805697617920
1246744705896869890
1246746447871012864
1246849681293840384
1246869012958416898
1246876318161141760
1247115322164826115
1247378259639259136
1247497037756739585
1247791533757087747
1247791615537627136
1247791831590428674
1247792376661168128
1247792459792281600
1247792503400480770
1247792616919281667
1247792749857783808
1247792999712448516
1247793006058430465
1247793075637780483
1247793148123738112
1247793391523397632
1247793692821221376
1247793794365272069
1247793795145412608
1247793814573477888
1247793940360605696
1247794049899048961
1247794075865993216
1247794558227775488
1247795287076163585
1247795841290522625
1247796358003609600
1247796592033198082
1247796771771695105
1247796865229152256
1247796920505864193
1247797137699524608
1247797228464254976
1247797377399803906
1247797549005557761
1247797578697072641
1247797718535176198
1247797774420078598
1247798118155833346
1247798156915441666
1247798302696828932
1247798369948299265
1247798387660865536
1247798793141022720
1247798830604488709
1247798897872781312
1247798938867908610
1247799295765438465
1247799376681914368
1247799827129192453
1247800086882471939
1247800310619201542
1247800353115918343
1247800460435578882
1247800664631066631
1247800685694836736
1247800961747152896
1247800966931296256
1247801207051014149
1247801311304663041
1247801418980839424
1247801520243888132
1247801620340989952
1247801824658120704
1247801841024299009
1247802207614820353
1247802508417720322
1247802743609159681
1247803000627712002
1247803085470097409
1247803372721172481
1247803536999514115
1247803699549712386
1247804083613786112
1247804962458841089
1247804971820576769
1247805077600866306
1247805559736135685
1247805832604954625
1247805966982078465
1247806108321771520
1247806145592315910
1247806522664423427
1247806567874887680
1247807359906279425
1247807786584428544
1247808469333200897
1247809745995456513
1247809758507089920
1247811026940092417
1247811411759083526
1247811721034514432
1247811761744408576
1247811769017327616
1247811790706073600
1247811861963132929
1247812197931077632
1247812418496917504
1247812780264001536
1247812949084745728
1247813135894900738
1247813493299933185
1247815484461821954
1247816240367714306
1247816317748609024
1247816795559325696
1247818020325453826
1247818632987414529
1247819749691539456
1247820013420941313
1247820628725547008
1247820848515305473
1247821037347069952
1247821980109160448
1247822029023137795
1247822297894797313
1247822462399574017
1247822617651720194
1247823048406740993
1247823117323366402
1247823121895182336
1247823154216456192
1247823283195498501
1247823629498208256
1247823997942685696
1247824180466212864
1247825428019941376
1247825483565154307
1247828042094759936
1247829209260519424
1247832428841963522
1247834109755285505
1247834398944145408
1247835288010772481
1247835425747558403
1247837466028998656
1247838322174709760
1247838466538274817
1247839390157746176
1247840053142810624
1247840187758948354
1247840861741674497
1247841316672684032
1247843120714117121
1247844340883271685
1247846008710520837
1247848483014324225
1247848759645495296
1247851219353247745
1247851473179795457
1247852110793728001
1247853479210569728
1247855525967958018
1247856213984825344
1247858050318254082
1247860126268166145
1247860339225448449
1247860775567396869
1247861152991850496
1247861707952861187
1247864119320952832
1247864505586962433
1247867541042556930
1247868611986784256
1247870243126382593
1247872470066978818
1247872768156160000
1247872793170960385
1247873422790725632
1247873695600672770
1247873929529581570
1247878410266750979
1247889954987900928
1247891727018418176
1247891923584442372
1247893293964218370
1247893503905894402
1247902484258930697
1247909514550132736
1247916279232520198
1247917646302965765
1247920708707065856
1247921477095022593
1247943823306584064
1247945215563845632
1247960629429714944
1247962413141340160
1247965244715982849
1247977037593227265
1247980188647874560
1248013174026031104
1248040825730273289
1248116130549567491
1248133903400857605
1248208513370857472
1248217924361388033
1248221587209420800
1248306122873810945
1248380685607264262
1248858697314385920
1237216905313816578
1237425700195401735
1237682456427446272
1238063272252903425
1239197826535415809
1242094519446880259
1245934685059833856
1234840316559183878
1234840955930497024
1234842887868833793
1234845253078863873
1234846538037329920
1234882705260630017
1234901353165574144
1234923719493025798
1235222076727975939
1235287118752165891
1235287959202603008
1235655566317535234
1235829282766606336
1235841240999981056
1236197386738786305
1236283940224135175
1236526487664300033
1236564023480479744
1236678898542313478
1236682950655315969
1236721608372490240
1236840171284221953
1236920910919208963
1236926657518280704
1237045590644719616
1237053322487627780
1237383513571299331
1237847792644587521
1237898205611753474
1237973371687587841
1237989937787650048
1238356135226245120
1238380587699834886
1238802614373892096
1239051563294806017
1239155556893495298
1239437689830526977
1239473892575477760
1239474004655624192
1239474253688262656
1239479104887537665
1239481915503247360
1239482713624764416
1239513393846988800
1239664778475438084
1239695850395271169
1239808115228282880
1239816008153489408
1239819695764561920
1239831393758113792
1239886784332304387
1239889253519085568
1240044807612813312
1240140316755320832
1240143492023832577
1240173032724979712
1240176071837978626
1240193768948711424
1240195518409494528
1240211648759169025
1240262656164069377
1240353655406186500
1240436597314781185
1240479706266267653
1240525084940328961
1240616552980008960
1240626876852375557
1240718148728287232
1240718710521753601
1240750024860020752
1240806235961610241
1240897657200992256
1240908973319970816
1240913187475726337
1240924551418204160
1240989457009893376
1241017756092424193
1241043292952899585
1241060370036461568
1241211268431831051
1241653517951041536
1241659904231964672
1242001290537959429
1242084208165691392
1242144446940151811
1242224683346325504
1242283029571174400
1242329092298428417
1242336827584827392
1242374039265406976
1242426696852258817
1242435826019074049
1242625097627766784
1242630088731967488
1242652582746533888
1242703878577061888
1242704558289235971
1242705696552112128
1242783624061243392
1242791422379646978
1242859076285018117
1242898591519105024
1243030036027854849
1243052665002582018
1243118909160452096
1243171178048413698
1243197753007599617
1243367032705273857
1243369624063758337
1243370451121782785
1243376782960558080
1243441778776133634
1243442678240436225
1243482638008160258
1243611899385839627
1243612155787739142
1243731794635173888
1243731945382707200
1243782988866801664
1243799879668903937
1243951017697345538
1243954176469504000
1243973218047795201
1243976682903650305
1243976904698281984
1243978222712188928
1244047927611252737
1244082993351647233
1244256266144317440
1244267208143810560
1244274000009691137
1244287840952832001
1244311195189833730
1244311257533964288
1244331982617600001
1244332123361701888
1244333256578756609
1244515100838354944
1244518541140692992
1244541704985653249
1244541924079534080
1244542213410832389
1244542548451844096
1244542671399485443
1244545677591339008
1244546996947562498
1244556469124468736
1244558937506164736
1244558947538710528
1244817350567677953
1244880057249591296
1244915717851381760
1244942342550966272
1244945219746856960
1244945769158840320
1244946338426630144
1245032880293715973
1245033655476649985
1245035992156901376
1245132062387912704
1245263433685065730
1245301198091096064
1245390283807715328
1245390539689582594
1245391160559808513
1245604039246536704
1245656648858796033
1245669924359622656
1245680836776562688
1245750102523645952
1245758338408878083
1245767540971732993
1245893156056502273
1245898044249268225
1245908561969860608
1245929262961455109
1245929752998711296
1245929982179737602
1245991750113431553
1246168252880846849
1246200158490165249
1246322169526681605
1246409473121452032
1246544179200692233
1246795386188173312
1247049861502881792
1247067916069109761
1247173230047174656
1247372669231611905
1247449740909953024
1247544181284671491
1247588418391072769
1247594551528886276
1247674311587975168
1247691303011454976
1247804018144849928
1248005911873904640
1248012107318091777
1248012291645140992
1248013575005691909
1248013826047348737
1248014766804627456
1248017920375939074
1248026346288230400
1248094718136922116
1248172017876193291
1248172157894524928
1248189026986872832
1248193589529567232
1248214149038878720
1248558028447768576
1248627347906916357
1248729088660885504
1248931749653954561
1235985656821641216
1236943461909032961
1237527046080745473
1237527825285931010
1237540511046455296
1239155543710797824
1240903837969350659
1240904357815541760
1240905973897650177
1242103888095870977
1242533771016093699
1242534466909884416
1242537650931863554
1242659465591021568
1242844291053096960
1243200739679170560
1243263047617167361
1243461269514051584
1243463446928199680
1244212880981086208
1244218409048473601
1244221457988759553
1244941653993041922
1246457227025809410
1246459974492008449
1246873055374258176
1248270721735954440
1248271633061740544
1248275508644765699
1248275786097967106
1248289589082677248
1248296510388912128
1248491784725884936
1248901935073116161
1244019270624800777
1248079681015943168
1248106555389730816
1248679516169367557
1235399535616069634
1240623025554198529
1237292639369572353
1237292785859997696
1237293637626667009
1237308228066627586
1237621415748276224
1237990957221543938
1238032548137222144
1238296126786338816
1238898361186619392
1239239346307379201
1239239379199176704
1239239513785892865
1239239584506052613
1239239697890770944
1239331570567217155
1239362474316619781
1239611741899821058
1239720411559890944
1240708258626584579
1237359547737501696
1238087765729767427
1239240641802121218
1234755554163253248
1234751098491150336
1234749476662849536
1234748835152433152
1237319348387221504
1237327823368486912
1239008066785308672
1239008250625847296
1239032838839652352
1239254542056935424
1239311310011150337
1239312892144562176
1240294197149732865
1240294469100089351
1240456453737123851
1240819607474253825
1240828091225628673
1240894075760529409
1240896309495660545
1240908883939319813
1241143362578599936
1241333956340928512
1241431492368019456
1241442776610271238
1241531909642915841
1242221397864300546
1241591521159200769
1241612681338994689
1241632384656609280
1241806370162315270
1241927502479720448
1241999147483443200
1242002710871683072
1242057499965943809
1242050452864118784
1242036877722599425
1242072998506631173
1242018601080483840
1242050608137408512
1242094631266816000
1242103049444831233
1242147042530668544
1242269223797186560
1242282624309026816
1242288561082322944
1242313515467227142
1242329403608018946
1242356373809070080
1248181819846963202
1248181514585509896
1242341282673881088
1242343049713217537
1242341653500710912
1242367906979209218
1242342658544037888
1242342580618022912
1242385513501175808
1242456105466228738
1242354849800425472
1242363029561344001
1242363027480928256
1242363031822012416
1242363566704885765
1242371933733138432
1242384795218268165
1242459064820531207
1242762421162389505
1242815864405032962
1242867563526262785
1242793349339394049
1242895495497949184
1242922854900998148
1242920894265266187
1243097835433836544
1234767384671662080
1234782247615524864
1234782297968136192
1234782358017937411
1234782806099681281
1234783666145878016
1234783776632270848
1234784469598400514
1234786564510609408
1234795654981070848
1234804875868831750
1234804922626916352
1234804987777052672
1234805091871252482
1234805725676724224
1234806154401681408
1234806257157992448
1234808563731533824
1234808887963865088
1234809406216228865
1234810335447531520
1234810585205706752
1234817749274152962
1234817800364949506
1234817857025822720
1234818150769672192
1234819047922880513
1234838430464516096
1235008872575721472
1235008897334693888
1235008934995300352
1235008978158882816
1235008999973478400
1235009017006587904
1235009110233321475
1235009575876562949
1235010207278706688
1235010580613754880
1235012555304660993
1235012862759731200
1235014317151375361
1235014353335668736
1235014387041091584
1235014417542049792
1235015624503386112
1235016990764367872
1235064186838732800
1235066559850090496
1235066723373465601
1235066802935230465
1235070919044820994
1235070949377994752
1235070981388951552
1235075587514855426
1235075612840038401
1235075641201975297
1235075667647033344
1235075887881572353
1235087716758327296
1235087746764435456
1235087773914107904
1235087795141529600
1235087816297611264
1235088043347861505
1235088616172310528
1235088865280421888
1235089294026391555
1235089520090943488
1235094936166395905
1235094942814318592
1235105435541049344
1235105496782131200
1235105553019318272
1235105946923175938
1235106128066838529
1235106661842292738
1235112798767566850
1235126620429504512
1235126670211731456
1235126725282918400
1235126786532372480
1235126990874628099
1235127114262708224
1235127172324397056
1235127960765517824
1235128009889202178
1235128065249796096
1235132228721500161
1235132280839921665
1235132338268286976
1235132523266506758
1235132571362582530
1235132636105814017
1235132786341629952
1235132895351599104
1235133256602767360
1235133628436434944
1235134020687548416
1235134178171076608
1235134295905189919
1235134359067189248
1235134423114240000
1235134486322397185
1235134635245326337
1235136430835294208
1235154349774401537
1235154416698707970
1235154489356587008
1235154629010194433
1235154774707732483
1235155018459709440
1235155159069552641
1235155434366857218
1235157134582501377
1235157238676770816
1235157344721330176
1235196665163739138
1235197142999764994
1235197251913302016
1235197316954349570
1235197391587823617
1235197458109480966
1235198125020602368
1235199544893124613
1235235270309666818
1235235351314092041
1235235493454811143
1235235627915980800
1235236241102139397
1235236360530755589
1235236423214796800
1235369564168310789
1235369565099413504
1235369565132996609
1235369565128757248
1235369565275582465
1235369567548923904
1235375331009126400
1235375935647449088
1235376233287798785
1235377526333001728
1235378371166523393
1235379463178731521
1235385258863779844
1235385318804566017
1235385377113780224
1235385485444280320
1235385651144429571
1235387133336027137
1235387319990906880
1235387700330369024
1235387913057087488
1235388192615829504
1235388359897255936
1235388519851290624
1235389370900742144
1235390108217430017
1235390638960431104
1235391270131863552
1235391436863889408
1235391634906341376
1235421286769102849
1235421339571220482
1235421398014681088
1235422463120404481
1235423640130162688
1235431461320159232
1235431510510940160
1235431565649305601
1235431746721574912
1235431827877187584
1235431972605853696
1235432151731957761
1235443325487865857
1235443388364648448
1235443495755640832
1235443569218834432
1235445397423710209
1235446328437563392
1235446589012848641
1235447470806597633
1235447578331729920
1235447775199821825
1235448526806478849
1235475974617051136
1235476053818101762
1235476110768353280
1235476392873082880
1235476755697135618
1235476960362393602
1235477615047135232
1235477727655784449
1235478748230586368
1235478844187873280
1235481704673902592
1235482091204128770
1235483264871051264
1235483859346698240
1235526090929524736
1235526269346799616
1235526323403030529
1235526382777589761
1235526490579587072
1235527291947515909
1235528504608870400
1235529377468702720
1235739162365456384
1235739197085863936
1235739233249157120
1235740941417213952
1235741099446038528
1235741129150099457
1235742085501710336
1235743082726830082
1235743973483802624
1235744013233180673
1235744038373838848
1235744052340871168
1235744156888084480
1235745118847520768
1235745494078349312
1235745812606402561
1235746888118194177
1235747051037548544
1235747873121165312
1235748218601783296
1235748370892730368
1235748796224565249
1235748947295006729
1235749014164787200
1235749782137614336
1235760410625794048
1235760718428819457
1235760781322420225
1235760902969966592
1235761023224655873
1235761051511058432
1235761078979584001
1235761108197261314
1235763881223561219
1235781108018671621
1235781274507362306
1235781289707438080
1235781306459607041
1235781325753368576
1235781354517868544
1235781377158770691
1235781850771177472
1235781964034199558
1235782029926633472
1235782230489825288
1235782991034626051
1235783241698861058
1235783338956374017
1235784298223013888
1235784618827288576
1235784713559633920
1235784746250031104
1235784775601975297
1235784809806475264
1235785010747187201
1235785168285204480
1235785282525392896
1235785694594859008
1235785782683631616
1235785859045064704
1235786078994358273
1235786130181636097
1235786145817956352
1235786192508948480
1235786250935611392
1235786294405599234
1235786589709561856
1235793167162589184
1235793200696049665
1235793226486779904
1235793252319547392
1235793279083352064
1235793317033422848
1235793579760484354
1235793621909032960
1235794023446540288
1235794086579171328
1235794427618013184
1235794505577553921
1235794898055335937
1235794948458332167
1235795243305291777
1235795399991898112
1235795646948323329
1235795813659373570
1235796278874746882
1235796305663807493
1235796350635110400
1235801316019941376
1235801341311586305
1235801369014964224
1235802259193090050
1235802335164518400
1235802962653405187
1235803345282973698
1235803915225935872
1235805299446956037
1235811305228910594
1235811392868855813
1235811427379642368
1235811449114484736
1235811491539898369
1235811508195430400
1235812900389785613
1235813097698250752
1235813485432332288
1235813554218926083
1235818420395888640
1235818426439884800
1235818447453356032
1235818640571678720
1235819619954200576
1235819877148966915
1235820206556999685
1235820559797084160
1235820705435901953
1235820942808330240
1235820978703220739
1235820999808921602
1235838691928469504
1235838765169401856
1235839042396119041
1235839198378115072
1235860339612241922
1235873425035423744
1235873482379890694
1235873548104687616
1235873646045876224
1235873810261241856
1235874040083918851
1235874743997181952
1235874822866915331
1235875364355731456
1235878149478420482
1235878751474343937
1236093352434528256
1236093377411559424
1236093405882548224
1236093438963023875
1236093463071842304
1236093661227573249
1236097975782268929
1236098571700588544
1236098914278768641
1236099353044901888
1236153883501584384
1236153907371315202
1236153939591979008
1236153969962938371
1236153991064457217
1236154081170743296
1236154113940836354
1236154137424703488
1236154159969087488
1236154186829418497
1236154283285868544
1236154328945061888
1236155746053578752
1236155884138463232
1236156071472803845
1236156133066149888
1236156267187453953
1236159062384865281
1236159144492584960
1236159198934626304
1236159475184054272
1236159586861641734
1236159749302808577
1236159787001245698
1236159845847334912
1236159869025021953
1236159882954334208
1236160083119095808
1236160211540299777
1236239706486001664
1236239772890189825
1236239862988034049
1236239900703219712
1236240128617533440
1236240327997964289
1236240566586724352
1236240856786468864
1236241984135688192
1236242012757577728
1236242037210353664
1236242500026658817
1236242523028221953
1236242552505782273
1236242880512929792
1236242930324484097
1236242955590979585
1236242984196177920
1236294091249307649
1236294544947179520
1236294898648625155
1236295028428771334
1236296024383082497
1236296965966540805
1236297341272907776
1236297415696592897
1236297901589934080
1236297947618275328
1236452462803816449
1236452546727661568
1236453246421499904
1236455894235267072
1236455983250993154
1236456101236715520
1236456479432904705
1236456952995016704
1236457106103910400
1236457382693072897
1236457578659364866
1236457727271956481
1236458546671181824
1236458814712365057
1236458956391735296
1236459020380065799
1236459073584820224
1236459122112876544
1236460191375228929
1236460486364815361
1236482106051530752
1236482270531182592
1236482328496443394
1236482379406929920
1236482443353325568
1236482974914232320
1236483080287739905
1236483249788145664
1236483816471969802
1236483990816620545
1236484334074212353
1236484493281611781
1236484934593724416
1236508568745996288
1236508622034571265
1236508676149481473
1236508726602825729
1236508760710844419
1236509242577715200
1236509910419955712
1236510460360290305
1236521034922094592
1236521079708901377
1236521301642072064
1236521887708016640
1236522210451288064
1236522423513579520
1236522534645813248
1236522831518658560
1236523156271017985
1236523672006832128
1236524142775513088
1236524298593955840
1236524453539885056
1236524563434844161
1236524716787040256
1236525362206523392
1236525494712946688
1236525714066690048
1236525793875865600
1236525873479598082
1236526128161906689
1236526416373538816
1236527294161629184
1236527964654731264
1236528888156532738
1236529551108259840
1236529665876979713
1236536145594335232
1236536828989026306
1236537375645405184
1236538098994909184
1236538494668779520
1236546616821035008
1236546678888398848
1236546730784481283
1236546781686534145
1236546832945139712
1236565524428947456
1236565578308923392
1236565635162722304
1236565698760986624
1236565931314184195
1236566137019584512
1236566480566644738
1236566708153774080
1236566978224984064
1236567512537423872
1236569892876238848
1236570022882889728
1236570164075720705
1236571101712412674
1236571556047802368
1236571897254428673
1236578103498928128
1236578159430000640
1236578210147495936
1236578260835635200
1236578313633587203
1236578801594712064
1236579027592200192
1236579874556411905
1236580587260932096
1236580806857871362
1236581033429983232
1236581084986355713
1236581131887112192
1236581231086546945
1236581323206062081
1236582687634108416
1236582734299979781
1236582792734986240
1236582869687881729
1236593774148501506
1236593835486019584
1236593943967494144
1236594042252615680
1236594117842358272
1236594168945754112
1236594456096169986
1236594686954852355
1236594786666049536
1236596483274633217
1236597769621524480
1236597965789073408
1236598037956284416
1236598308816093185
1236598331725369346
1236598527830052864
1236598777063989253
1236598942894133251
1236599038708875264
1236599112545386500
1236599223547613184
1236599310898171904
1236599486496927745
1236599572845064194
1236599631762477056
1236600170957045760
1236636987592867841
1236637090374242310
1236637241616642049
1236637758409465859
1236638258907336705
1236638573996019713
1236638753994600454
1236639124842405889
1236649748783759361
1236649852508897281
1236650726224347142
1236650782721593345
1236650829261594626
1236650881828839424
1236650997520273408
1236681192218517505
1236830148462182400
1236830280784044032
1236831820290768896
1237334922706051072
1237335124376608769
1237335220925239298
1237335448487202816
1237335634022293504
1237341171002658816
1237341234949001218
1237352865447829506
1237360616668450818
1237360720045473794
1237375113357479942
1237375330295275521
1237376659063332866
1237376990690168832
1237377292516483072
1237535217709023232
1237535595749994496
1237535788411129856
1237536854141890562
1237537180278390785
1237595156523581440
1237595204095336449
1237595260949106688
1237619154225491971
1237619214359265280
1237619338049273856
1237619404738678784
1237621702063878144
1237621848902234112
1237622525212774400
1237622795443437568
1237622964335431682
1237623014797103109
1237699198004252673
1237699322579308544
1237699380594925574
1237699444071526401
1237699517585088512
1237700024366010368
1237701587729956865
1237701638728478720
1237701693766172680
1237701806509064193
1237701923588849664
1237701981126328320
1237702162756464641
1237757765851860992
1237757837905813504
1237757899788574722
1237758021431787522
1237759411235377152
1237761357614702592
1237761441274269696
1237885552830996481
1237891706885795843
1237902309679443969
1237902567163617281
1238023329543421952
1238023408996106240
1238023724244189184
1238056280289243136
1238056527119826944
1238057482775232512
1238058615765757953
1238058774511800321
1238060251162619904
1238061724323835904
1238063887158636546
1238064018486521857
1238253259439169538
1238253489731633152
1237166537531887618
1237202320410042371
1237203188056338432
1238571528922505216
1237660078330638337
1237660316965588996
1239538177658032130
1241599903421399041
1242029971801071616
1242030018475294721
1242030069322788864
